0.0100000000 0.2000000000 0.0800000000 1.0000000000 1.0000000000 0.0000000000 -1.0000000000 0.0000000000 0.0000000000 1.0000000000 0.0000000000
0.0100000000 0.2000000010 0.0800000010 1.0000000010 1.0000000000 0.0000000000 -1.0000000000 0.0000000000 0.0000000000 1.0000000000 0.0000000000


0.0100000000 -1.2157000000 -0.3185900000 0.8188600000 -0.1527300000 0.6452500000 -0.0690200000 0.0000000000 -1.8080000000 3.0822000000 0.0000000000
0.0100000000 -1.2157000010 -0.3185900010 0.8188600010 -0.1527300000 0.6452500000 -0.0690200000 0.0000000000 -1.8080000000 3.0822000000 0.0000000000


0.08944271908 -1.2157000000 -0.3185900000 0.8188600000 -0.1527300000 0.6452500000 -0.0690200000 0.0000000000 -1.8080000000 3.0822000000 0.0000000000

0.0100000000 0.2000000000 0.0800000000 1.0000000000 1.0000000000 0.0000000000 -1.0000000000 0.0000000000 0.0000000000 1.0000000000 0.0000000000
0.0100000000 0.2000000010 0.0800000010 1.0000000010 1.0000000000 0.0000000000 -1.0000000000 0.0000000000 0.0000000000 1.0000000000 0.0000000000
0.0100000000 -0.2000000000 -0.0800000000 1.0000000000 1.0000000000 0.0000000000 -1.0000000000 0.0000000000 0.0000000000 1.0000000000 0.0000000000
0.0100000000 -0.2000000010 -0.0800000010 1.0000000010 1.0000000000 0.0000000000 -1.0000000000 0.0000000000 0.0000000000 1.0000000000 0.0000000000